0.6272114077900983
0.6272114077900983
0.623591695902519
0.60501496811879
0.6096609330587464
0.60501496811879
0.623591695902519
0.6096609330587464
0.6314599998996715
0.6314599998996715
0.7348221312844824
0.7348221312844824
0.634247990939051
0.634247990939051
0.6230642955181368
0.6230642955181368
0.6168209572286085
0.6200609179525645
0.6168209572286085
0.6200609179525645
0.6148340006638151
0.6148340006638151
0.61244083888924
0.61244083888924
0.6193568803072079
0.6193568803072079
0.61244083888924
0.61244083888924
0.604494287373727
0.5963543844852921
0.6026318130108748
0.604494287373727
0.5963543844852921
0.6026318130108748
0.6169734620787982
0.6169734620787982
0.5693814125051548
0.5716874539572983
0.5693814125051548
0.5716874539572983
0.5716874539572983
0.5716874539572983
0.5716874539572983
0.5716874539572983
0.5807401424903359
0.5848304351041267
0.5807401424903359
0.5848304351041267
0.5807401424903359
0.5883470207163812
0.5807401424903359
0.5883470207163812
0.6021654999973968
0.6021654999973968
0.5679497760159229
0.6021654999973968
0.5679497760159229
0.6021654999973968
0.6021654999973968
0.6021654999973968
0.6762363706518196
0.6762363706518196
0.6724658180988639
0.6757903611337849
0.6724658180988639
0.6757903611337849
0.6241706998537369
0.6241706998537369
0.622745465409525
0.6203848436546385
0.622745465409525
0.6203848436546385
0.622745465409525
0.622745465409525
0.6224513335027189
0.6224513335027189
0.6263175708537944
0.6263096057294049
0.6263175708537944
0.6263096057294049
0.6263096057294049
0.6263096057294049
0.6578969099702943
0.6578969099702943
0.6578969099702943
0.6578969099702943
0.6643716913528712
0.6578969099702943
0.6643716913528712
0.6578969099702943
0.6390596924417062
0.6390596924417062
0.6429291699776551
0.6429291699776551
0.6429291699776551
0.626295660332966
0.6429291699776551
0.626295660332966
0.6313224464636837
0.6313224464636837
0.6431869117498064
0.6431869117498064
0.6661791446438337
0.6661791446438337
0.6456829362360457
0.6456829362360457
0.6217197684158846
0.6217197684158846
0.6218287996667626
0.6157466759902768
0.6157466759902768
0.6157466759902768
0.6218287996667626
0.6157466759902768
0.6264251918658117
0.6264251918658117
0.6187561480742518
0.6187561480742518
0.6223601224390582
0.6223601224390582
0.6060154009777003
0.6060154009777003
0.5865756940568039
0.5865756940568039
0.5865756940568039
0.583356854204909
0.5865756940568039
0.583356854204909
0.602793403934905
0.602793403934905
0.6038060127245228
0.6038060127245228
0.6103224014053581
0.6232033088172102
0.6103224014053581
0.6232033088172102
0.6253380962693478
0.6261521607543293
0.6261521607543293
0.6253380962693478
0.6161328888242206
0.6161328888242206
0.6134201284415979
0.6134201284415979
0.6250333892697632
0.6250333892697632
0.6250333892697632
0.6250333892697632
0.6243847802974662
0.6243847802974662
0.6222699915345284
0.6222699915345284
0.6493956044153888
0.6493956044153888
0.6457990809350325
0.6405544841937818
0.6457990809350325
0.6405544841937818
0.6504676879859285
0.6504676879859285
0.6476663117743836
0.6476663117743836
0.6463502524697261
0.6463502524697261
0.6498395905820189
0.6498395905820189
0.6426108818749368
0.6426108818749368
0.6255972965546397
0.6255972965546397
0.6325013412437666
0.6325013412437666
0.593978640625915
0.593978640625915
0.593978640625915
0.593978640625915
0.603934639927963
0.603934639927963
0.5789020674526892
0.5789020674526892
0.5866403311763808
0.5866403311763808
0.5751061035982126
0.5751061035982126
0.5751061035982126
0.5751061035982126
0.6795629352208109
0.6816195566581983
0.6795629352208109
0.6816195566581983
0.6838900568007845
0.6838900568007845
0.686480935599038
0.686480935599038
0.6988192041763677
0.7037224485795449
0.6988192041763677
0.7037224485795449
0.6934430742708326
0.6934430742708326
0.7011786084986793
0.7011786084986793
0.6149552463540295
0.6149552463540295
0.6061279965443305
0.608846529804706
0.6075953122282233
0.6061279965443305
0.608846529804706
0.6075953122282233
