-2.8725976387488825
-3.1248299077410224
-2.913730728380466
-3.0720348516051557
-2.824318182958278
-1.6497485081308818
-2.7926364666016936
-2.919723914566627
-2.990670940583993
-2.9538532050844943
-3.013249992456646
-3.040445012622273
-2.9618536328726375
-3.040445012622273
-3.151911215785514
-3.2232456308489525
-3.1307467343894655
-2.9889379309227477
-3.5297566760777865
-3.503551659576156
-3.503551659576156
-3.503551659576156
-3.400680198973456
-3.35419960108947
-3.400680198973456
-3.3142384009502126
-3.1572102273023095
-3.5460252725463315
-3.1572102273023095
-3.1572102273023095
-2.3154957880475044
-2.3205640780251717
-2.3583429761492742
-2.907151138025717
-2.923346983982671
-2.9501722311972896
-2.923346983982671
-2.926689392014559
-2.8827548766614277
-2.882845389438582
-2.882845389438582
-2.523898750337566
-2.523898750337566
-2.523898750337566
-2.450321689171918
-2.737958040435157
-2.6939867047993724
-2.6939867047993724
-2.8830038598526593
-2.8258812901854125
-2.6910578210249274
-2.429782447229164
-2.6626939064085726
-2.9350026316376745
-3.0028786819286735
-3.0028786819286735
-2.9337636401504246
-2.8815319106157764
-2.968680135519866
-2.9277258813743376
-3.113461352526132
-3.3343671129908645
-3.370944838580579
-3.3343671129908645
-3.1500749552851706
-3.138568037221331
-2.9181442179862485
-3.0645181658482037
-2.8846345368826207
-2.8938852696665034
-2.9984898997247664
-3.029316722254569
-2.897347849207237
-2.897347849207237
-2.904718405710611
-2.9287500961985415
-2.6205044952796723
-2.6613740802837214
-2.7209717705252063
-2.608321727432631
-2.640155548018368
-2.655110767389476
-2.615459197931603
-2.6976036150575373
-2.890939811879094
-2.8124847585935613
-3.250242720160057
-3.250242720160057
-3.1371063644549664
-3.4215674153103506
-3.3336326002684
-3.4647033682021298
-3.4647033682021298
-2.254323219793201
-2.277693917945331
-2.228522081809267
-2.1990802772836586
-2.003153993414262
-2.0588726798140033
-2.1199650651041746
-2.032061267060463
-3.011872200522392
-3.0812894340374317
-3.112181857450791
-3.095507815588372
