0.6465797026480137
0.6465797026480137
0.644541943878066
0.644541943878066
0.6479258888278087
0.6479258888278087
0.5327042244461984
0.5327042244461984
0.6220784974316649
0.6220784974316649
0.624139979166077
0.624139979166077
0.606851372616122
0.606851372616122
0.600054588501389
0.600054588501389
0.62671012577675
0.62671012577675
0.6224249732041243
0.6224249732041243
0.6470639790270718
0.6470639790270718
0.662024172816156
0.662024172816156
0.6262947007941
0.6262947007941
0.603002265273759
0.603002265273759
0.6113231178514777
0.6113231178514777
0.610342896201412
0.610342896201412
0.6229452857303468
0.6229452857303468
0.6229452857303468
0.6229452857303468
0.6443492982551418
0.6443492982551418
0.5695114848758753
0.5695114848758753
0.6527297630883923
0.6527297630883923
0.6554481105969517
0.6554481105969517
0.5468753272242709
0.5468753272242709
0.6262962089803998
0.6262962089803998
0.6263010426465832
0.6263010426465832
0.6263010426465832
0.6263010426465832
0.6226238938665454
0.6226238938665454
0.6169831030291653
0.6169831030291653
0.6117714766174553
0.6117714766174553
0.5760554458184248
0.5760554458184248
0.5751296647059968
0.5751296647059968
0.6501619680871153
0.6501619680871153
0.6288341010234733
0.6730947474875948
0.6288341010234733
0.6383926966943958
0.6730947474875948
0.6383926966943958
0.5870009720042297
0.6263077334282094
0.5870009720042297
0.6263077334282094
0.5816627994716347
0.5816627994716347
0.4970930213317579
0.4970930213317579
0.6260047429079605
0.6260047429079605
0.6264849710983253
0.6264849710983253
0.6157592384579669
0.6157592384579669
0.6240367429041884
0.6240367429041884
