0.325
0.325
0.325
0.325
0.325
0.325
0.25000000000000006
0.25000000000000006
0.25000000000000006
0.25000000000000006
0.25000000000000006
0.25000000000000006
0.35833333333333334
0.35833333333333334
0.35833333333333334
0.35833333333333334
0.35833333333333334
0.35833333333333334
0.30416666666666664
0.30416666666666664
0.30416666666666664
0.30416666666666664
0.30416666666666664
0.30416666666666664
0.3625
0.3625
0.3625
0.3625
0.3625
0.3625
0.35833333333333334
0.35833333333333334
0.35833333333333334
0.35833333333333334
0.35833333333333334
0.35833333333333334
0.30833333333333335
0.30833333333333335
0.30833333333333335
0.30833333333333335
0.30833333333333335
0.30833333333333335
0.2916666666666667
0.2916666666666667
0.2916666666666667
0.2916666666666667
0.2916666666666667
0.2916666666666667
0.39166666666666666
0.39166666666666666
0.39166666666666666
0.39166666666666666
0.39166666666666666
0.39166666666666666
0.3333333333333333
0.3333333333333333
0.3333333333333333
0.3333333333333333
0.3333333333333333
0.3333333333333333
0.3333333333333333
0.3333333333333333
0.3333333333333333
0.3333333333333333
0.3333333333333333
0.3333333333333333
0.35000000000000003
0.35000000000000003
0.35000000000000003
0.35000000000000003
0.35000000000000003
0.35000000000000003
0.33749999999999997
0.33749999999999997
0.33749999999999997
0.33749999999999997
0.33749999999999997
0.33749999999999997
0.3625
0.3625
0.3625
0.3625
0.3625
0.3625
0.3666666666666667
0.3666666666666667
0.3666666666666667
0.3666666666666667
0.3666666666666667
0.3666666666666667
0.37916666666666665
0.37916666666666665
0.37916666666666665
0.37916666666666665
0.37916666666666665
0.37916666666666665
0.31666666666666665
0.31666666666666665
0.31666666666666665
0.31666666666666665
0.31666666666666665
0.31666666666666665
0.425
0.425
0.425
0.425
0.425
0.425
0.36250000000000004
0.36250000000000004
0.36250000000000004
0.36250000000000004
0.36250000000000004
0.36250000000000004
0.32916666666666666
0.32916666666666666
0.32916666666666666
0.32916666666666666
0.32916666666666666
0.32916666666666666
