0.5458333333333333
0.5458333333333333
0.5458333333333333
0.5458333333333333
0.5458333333333333
0.5458333333333333
0.6124999999999999
0.6124999999999999
0.6124999999999999
0.6124999999999999
0.6124999999999999
0.6124999999999999
0.7374999999999999
0.7374999999999999
0.7374999999999999
0.7374999999999999
0.7374999999999999
0.7374999999999999
0.6916666666666668
0.6916666666666668
0.6916666666666668
0.6916666666666668
0.6916666666666668
0.6916666666666668
0.7833333333333333
0.7833333333333333
0.7833333333333333
0.7833333333333333
0.7833333333333333
0.7833333333333333
0.5499999999999999
0.5499999999999999
0.5499999999999999
0.5499999999999999
0.5499999999999999
0.5499999999999999
0.5833333333333334
0.5833333333333334
0.5833333333333334
0.5833333333333334
0.5833333333333334
0.5833333333333334
0.5958333333333333
0.5958333333333333
0.5958333333333333
0.5958333333333333
0.5958333333333333
0.5958333333333333
0.6416666666666666
0.6416666666666666
0.6416666666666666
0.6416666666666666
0.6416666666666666
0.6416666666666666
0.6041666666666666
0.6041666666666666
0.6041666666666666
0.6041666666666666
0.6041666666666666
0.6041666666666666
0.6333333333333333
0.6333333333333333
0.6333333333333333
0.6333333333333333
0.6333333333333333
0.6333333333333333
0.5666666666666668
0.5666666666666668
0.5666666666666668
0.5666666666666668
0.5666666666666668
0.5666666666666668
0.6208333333333333
0.6208333333333333
0.6208333333333333
0.6208333333333333
0.6208333333333333
0.6208333333333333
0.6124999999999999
0.6124999999999999
0.6124999999999999
0.6124999999999999
0.6124999999999999
0.6124999999999999
0.6208333333333335
0.6208333333333335
0.6208333333333335
0.6208333333333335
0.6208333333333335
0.6208333333333335
0.5958333333333333
0.5958333333333333
0.5958333333333333
0.5958333333333333
0.5958333333333333
0.5958333333333333
0.7000000000000001
0.7000000000000001
0.7000000000000001
0.7000000000000001
0.7000000000000001
0.7000000000000001
0.6541666666666667
0.6541666666666667
0.6541666666666667
0.6541666666666667
0.6541666666666667
0.6541666666666667
0.6208333333333332
0.6208333333333332
0.6208333333333332
0.6208333333333332
0.6208333333333332
0.6208333333333332
0.5833333333333334
0.5833333333333334
0.5833333333333334
0.5833333333333334
0.5833333333333334
0.5833333333333334
0.5958333333333333
0.5958333333333333
0.5958333333333333
0.5958333333333333
0.5958333333333333
0.5958333333333333
0.5916666666666667
0.5916666666666667
0.5916666666666667
0.5916666666666667
0.5916666666666667
0.5916666666666667
0.5583333333333333
0.5583333333333333
0.5583333333333333
0.5583333333333333
0.5583333333333333
0.5583333333333333
0.6583333333333333
0.6583333333333333
0.6583333333333333
0.6583333333333333
0.6583333333333333
0.6583333333333333
0.6791666666666667
0.6791666666666667
0.6791666666666667
0.6791666666666667
0.6791666666666667
0.6791666666666667
0.5625
0.5625
0.5625
0.5625
0.5625
0.5625
