0.3666666666666667
0.3666666666666667
0.3666666666666667
0.3666666666666667
0.3666666666666667
0.3666666666666667
0.29166666666666663
0.29166666666666663
0.29166666666666663
0.29166666666666663
0.29166666666666663
0.29166666666666663
0.3333333333333333
0.3333333333333333
0.3333333333333333
0.3333333333333333
0.3333333333333333
0.3333333333333333
0.33749999999999997
0.33749999999999997
0.33749999999999997
0.33749999999999997
0.33749999999999997
0.33749999999999997
0.3333333333333333
0.3333333333333333
0.3333333333333333
0.3333333333333333
0.3333333333333333
0.3333333333333333
0.36111111111111116
0.36111111111111116
0.36111111111111116
0.36111111111111116
0.36111111111111116
0.36111111111111116
0.3523809523809524
0.3523809523809524
0.3523809523809524
0.3523809523809524
0.3523809523809524
0.3523809523809524
0.15000000000000002
0.15000000000000002
0.15000000000000002
0.15000000000000002
0.15000000000000002
0.15000000000000002
0.10000000000000002
0.10000000000000002
0.10000000000000002
0.10000000000000002
0.10000000000000002
0.10000000000000002
0.07777777777777778
0.07777777777777778
0.07777777777777778
0.07777777777777778
0.07777777777777778
0.07777777777777778
0.0625
0.0625
0.0625
0.0625
0.0625
0.0625
0.06333333333333334
0.06333333333333334
0.06333333333333334
0.06333333333333334
0.06333333333333334
0.06333333333333334
0.07222222222222223
0.07222222222222223
0.07222222222222223
0.07222222222222223
0.07222222222222223
0.07222222222222223
0.07619047619047618
0.07619047619047618
0.07619047619047618
0.07619047619047618
0.07619047619047618
0.07619047619047618
0.20000000000000004
0.20000000000000004
0.20000000000000004
0.20000000000000004
0.20000000000000004
0.20000000000000004
0.10833333333333334
0.10833333333333334
0.10833333333333334
0.10833333333333334
0.10833333333333334
0.10833333333333334
0.07222222222222223
0.07222222222222223
0.07222222222222223
0.07222222222222223
0.07222222222222223
0.07222222222222223
0.05416666666666667
0.05416666666666667
0.05416666666666667
0.05416666666666667
0.05416666666666667
0.05416666666666667
0.049999999999999996
0.049999999999999996
0.049999999999999996
0.049999999999999996
0.049999999999999996
0.049999999999999996
0.04444444444444445
0.04444444444444445
0.04444444444444445
0.04444444444444445
0.04444444444444445
0.04444444444444445
0.03809523809523809
0.03809523809523809
0.03809523809523809
0.03809523809523809
0.03809523809523809
0.03809523809523809
0.16666666666666666
0.16666666666666666
0.16666666666666666
0.16666666666666666
0.16666666666666666
0.16666666666666666
0.10000000000000002
0.10000000000000002
0.10000000000000002
0.10000000000000002
0.10000000000000002
0.10000000000000002
0.07222222222222223
0.07222222222222223
0.07222222222222223
0.07222222222222223
0.07222222222222223
0.07222222222222223
0.05833333333333334
0.05833333333333334
0.05833333333333334
0.05833333333333334
0.05833333333333334
0.05833333333333334
0.05333333333333334
0.05333333333333334
0.05333333333333334
0.05333333333333334
0.05333333333333334
0.05333333333333334
0.04722222222222222
0.04722222222222222
0.04722222222222222
0.04722222222222222
0.04722222222222222
0.04722222222222222
0.04047619047619048
0.04047619047619048
0.04047619047619048
0.04047619047619048
0.04047619047619048
0.04047619047619048
0.3333333333333333
0.3333333333333333
0.3333333333333333
0.3333333333333333
0.3333333333333333
0.3333333333333333
0.25
0.25
0.25
0.25
0.25
0.25
0.2833333333333333
0.2833333333333333
0.2833333333333333
0.2833333333333333
0.2833333333333333
0.2833333333333333
0.2791666666666666
0.2791666666666666
0.2791666666666666
0.2791666666666666
0.2791666666666666
0.2791666666666666
0.26333333333333336
0.26333333333333336
0.26333333333333336
0.26333333333333336
0.26333333333333336
0.26333333333333336
0.2722222222222222
0.2722222222222222
0.2722222222222222
0.2722222222222222
0.2722222222222222
0.2722222222222222
0.2595238095238095
0.2595238095238095
0.2595238095238095
0.2595238095238095
0.2595238095238095
0.2595238095238095
0.19999999999999998
0.19999999999999998
0.19999999999999998
0.19999999999999998
0.19999999999999998
0.19999999999999998
0.12500000000000003
0.12500000000000003
0.12500000000000003
0.12500000000000003
0.12500000000000003
0.12500000000000003
0.12777777777777777
0.12777777777777777
0.12777777777777777
0.12777777777777777
0.12777777777777777
0.12777777777777777
0.12083333333333333
0.12083333333333333
0.12083333333333333
0.12083333333333333
0.12083333333333333
0.12083333333333333
0.13333333333333336
0.13333333333333336
0.13333333333333336
0.13333333333333336
0.13333333333333336
0.13333333333333336
0.1527777777777778
0.1527777777777778
0.1527777777777778
0.1527777777777778
0.1527777777777778
0.1527777777777778
0.15714285714285714
0.15714285714285714
0.15714285714285714
0.15714285714285714
0.15714285714285714
0.15714285714285714
0.3
0.3
0.3
0.3
0.3
0.3
0.2416666666666667
0.2416666666666667
0.2416666666666667
0.2416666666666667
0.2416666666666667
0.2416666666666667
0.26666666666666666
0.26666666666666666
0.26666666666666666
0.26666666666666666
0.26666666666666666
0.26666666666666666
0.26666666666666666
0.26666666666666666
0.26666666666666666
0.26666666666666666
0.26666666666666666
0.26666666666666666
0.25333333333333335
0.25333333333333335
0.25333333333333335
0.25333333333333335
0.25333333333333335
0.25333333333333335
0.2638888888888889
0.2638888888888889
0.2638888888888889
0.2638888888888889
0.2638888888888889
0.2638888888888889
0.25476190476190474
0.25476190476190474
0.25476190476190474
0.25476190476190474
0.25476190476190474
0.25476190476190474
0.3499999999999999
0.3499999999999999
0.3499999999999999
0.3499999999999999
0.3499999999999999
0.3499999999999999
0.25833333333333336
0.25833333333333336
0.25833333333333336
0.25833333333333336
0.25833333333333336
0.25833333333333336
0.3055555555555556
0.3055555555555556
0.3055555555555556
0.3055555555555556
0.3055555555555556
0.3055555555555556
0.30833333333333335
0.30833333333333335
0.30833333333333335
0.30833333333333335
0.30833333333333335
0.30833333333333335
0.3066666666666667
0.3066666666666667
0.3066666666666667
0.3066666666666667
0.3066666666666667
0.3066666666666667
0.325
0.325
0.325
0.325
0.325
0.325
0.319047619047619
0.319047619047619
0.319047619047619
0.319047619047619
0.319047619047619
0.319047619047619
0.18333333333333335
0.18333333333333335
0.18333333333333335
0.18333333333333335
0.18333333333333335
0.18333333333333335
0.18333333333333335
0.18333333333333335
0.18333333333333335
0.18333333333333335
0.18333333333333335
0.18333333333333335
0.2111111111111111
0.2111111111111111
0.2111111111111111
0.2111111111111111
0.2111111111111111
0.2111111111111111
0.1958333333333333
0.1958333333333333
0.1958333333333333
0.1958333333333333
0.1958333333333333
0.1958333333333333
0.19333333333333333
0.19333333333333333
0.19333333333333333
0.19333333333333333
0.19333333333333333
0.19333333333333333
0.21666666666666665
0.21666666666666665
0.21666666666666665
0.21666666666666665
0.21666666666666665
0.21666666666666665
0.22380952380952382
0.22380952380952382
0.22380952380952382
0.22380952380952382
0.22380952380952382
0.22380952380952382
0.3833333333333333
0.3833333333333333
0.3833333333333333
0.3833333333333333
0.3833333333333333
0.3833333333333333
0.27499999999999997
0.27499999999999997
0.27499999999999997
0.27499999999999997
0.27499999999999997
0.27499999999999997
0.3055555555555555
0.3055555555555555
0.3055555555555555
0.3055555555555555
0.3055555555555555
0.3055555555555555
0.3
0.3
0.3
0.3
0.3
0.3
0.2833333333333334
0.2833333333333334
0.2833333333333334
0.2833333333333334
0.2833333333333334
0.2833333333333334
0.2916666666666667
0.2916666666666667
0.2916666666666667
0.2916666666666667
0.2916666666666667
0.2916666666666667
0.2785714285714285
0.2785714285714285
0.2785714285714285
0.2785714285714285
0.2785714285714285
0.2785714285714285
0.19999999999999998
0.19999999999999998
0.19999999999999998
0.19999999999999998
0.19999999999999998
0.19999999999999998
0.12500000000000003
0.12500000000000003
0.12500000000000003
0.12500000000000003
0.12500000000000003
0.12500000000000003
0.14444444444444443
0.14444444444444443
0.14444444444444443
0.14444444444444443
0.14444444444444443
0.14444444444444443
0.13333333333333333
0.13333333333333333
0.13333333333333333
0.13333333333333333
0.13333333333333333
0.13333333333333333
0.14333333333333334
0.14333333333333334
0.14333333333333334
0.14333333333333334
0.14333333333333334
0.14333333333333334
0.1638888888888889
0.1638888888888889
0.1638888888888889
0.1638888888888889
0.1638888888888889
0.1638888888888889
0.16904761904761903
0.16904761904761903
0.16904761904761903
0.16904761904761903
0.16904761904761903
0.16904761904761903
0.36666666666666664
0.36666666666666664
0.36666666666666664
0.36666666666666664
0.36666666666666664
0.36666666666666664
0.26666666666666666
0.26666666666666666
0.26666666666666666
0.26666666666666666
0.26666666666666666
0.26666666666666666
0.3111111111111111
0.3111111111111111
0.3111111111111111
0.3111111111111111
0.3111111111111111
0.3111111111111111
0.31666666666666665
0.31666666666666665
0.31666666666666665
0.31666666666666665
0.31666666666666665
0.31666666666666665
0.3066666666666667
0.3066666666666667
0.3066666666666667
0.3066666666666667
0.3066666666666667
0.3066666666666667
0.31666666666666665
0.31666666666666665
0.31666666666666665
0.31666666666666665
0.31666666666666665
0.31666666666666665
0.30238095238095236
0.30238095238095236
0.30238095238095236
0.30238095238095236
0.30238095238095236
0.30238095238095236
0.21666666666666667
0.21666666666666667
0.21666666666666667
0.21666666666666667
0.21666666666666667
0.21666666666666667
0.13333333333333333
0.13333333333333333
0.13333333333333333
0.13333333333333333
0.13333333333333333
0.13333333333333333
0.10000000000000002
0.10000000000000002
0.10000000000000002
0.10000000000000002
0.10000000000000002
0.10000000000000002
0.07916666666666666
0.07916666666666666
0.07916666666666666
0.07916666666666666
0.07916666666666666
0.07916666666666666
0.07666666666666667
0.07666666666666667
0.07666666666666667
0.07666666666666667
0.07666666666666667
0.07666666666666667
0.08333333333333333
0.08333333333333333
0.08333333333333333
0.08333333333333333
0.08333333333333333
0.08333333333333333
0.0857142857142857
0.0857142857142857
0.0857142857142857
0.0857142857142857
0.0857142857142857
0.0857142857142857
0.10000000000000002
0.10000000000000002
0.10000000000000002
0.10000000000000002
0.10000000000000002
0.10000000000000002
0.05833333333333333
0.05833333333333333
0.05833333333333333
0.05833333333333333
0.05833333333333333
0.05833333333333333
0.049999999999999996
0.049999999999999996
0.049999999999999996
0.049999999999999996
0.049999999999999996
0.049999999999999996
0.037500000000000006
0.037500000000000006
0.037500000000000006
0.037500000000000006
0.037500000000000006
0.037500000000000006
0.03666666666666667
0.03666666666666667
0.03666666666666667
0.03666666666666667
0.03666666666666667
0.03666666666666667
0.03333333333333333
0.03333333333333333
0.03333333333333333
0.03333333333333333
0.03333333333333333
0.03333333333333333
0.02857142857142857
0.02857142857142857
0.02857142857142857
0.02857142857142857
0.02857142857142857
0.02857142857142857
0.18333333333333335
0.18333333333333335
0.18333333333333335
0.18333333333333335
0.18333333333333335
0.18333333333333335
