0.75
0.75
0.75
0.75
0.75
0.75
0.7208333333333333
0.7208333333333333
0.7208333333333333
0.7208333333333333
0.7208333333333333
0.7208333333333333
0.7833333333333333
0.7833333333333333
0.7833333333333333
0.7833333333333333
0.7833333333333333
0.7833333333333333
0.7333333333333334
0.7333333333333334
0.7333333333333334
0.7333333333333334
0.7333333333333334
0.7333333333333334
0.8083333333333332
0.8083333333333332
0.8083333333333332
0.8083333333333332
0.8083333333333332
0.8083333333333332
0.7083333333333334
0.7083333333333334
0.7083333333333334
0.7083333333333334
0.7083333333333334
0.7083333333333334
0.75
0.75
0.75
0.75
0.75
0.75
0.7458333333333332
0.7458333333333332
0.7458333333333332
0.7458333333333332
0.7458333333333332
0.7458333333333332
0.7958333333333334
0.7958333333333334
0.7958333333333334
0.7958333333333334
0.7958333333333334
0.7958333333333334
0.7083333333333334
0.7083333333333334
0.7083333333333334
0.7083333333333334
0.7083333333333334
0.7083333333333334
0.7541666666666668
0.7541666666666668
0.7541666666666668
0.7541666666666668
0.7541666666666668
0.7541666666666668
0.7416666666666667
0.7416666666666667
0.7416666666666667
0.7416666666666667
0.7416666666666667
0.7416666666666667
0.7708333333333334
0.7708333333333334
0.7708333333333334
0.7708333333333334
0.7708333333333334
0.7708333333333334
0.75
0.75
0.75
0.75
0.75
0.75
0.7833333333333332
0.7833333333333332
0.7833333333333332
0.7833333333333332
0.7833333333333332
0.7833333333333332
0.7583333333333333
0.7583333333333333
0.7583333333333333
0.7583333333333333
0.7583333333333333
0.7583333333333333
0.7583333333333334
0.7583333333333334
0.7583333333333334
0.7583333333333334
0.7583333333333334
0.7583333333333334
0.7999999999999999
0.7999999999999999
0.7999999999999999
0.7999999999999999
0.7999999999999999
0.7999999999999999
0.7916666666666666
0.7916666666666666
0.7916666666666666
0.7916666666666666
0.7916666666666666
0.7916666666666666
0.75
0.75
0.75
0.75
0.75
0.75
0.7416666666666666
0.7416666666666666
0.7416666666666666
0.7416666666666666
0.7416666666666666
0.7416666666666666
0.7291666666666666
0.7291666666666666
0.7291666666666666
0.7291666666666666
0.7291666666666666
0.7291666666666666
0.725
0.725
0.725
0.725
0.725
0.725
0.7541666666666668
0.7541666666666668
0.7541666666666668
0.7541666666666668
0.7541666666666668
0.7541666666666668
0.7208333333333332
0.7208333333333332
0.7208333333333332
0.7208333333333332
0.7208333333333332
0.7208333333333332
0.75625
0.75625
0.75625
0.75625
0.75625
0.75625
0.7229166666666668
0.7229166666666668
0.7229166666666668
0.7229166666666668
0.7229166666666668
0.7229166666666668
0.75
0.75
0.75
0.75
0.75
0.75
0.7208333333333333
0.7208333333333333
0.7208333333333333
0.7208333333333333
0.7208333333333333
0.7208333333333333
0.7833333333333333
0.7833333333333333
0.7833333333333333
0.7833333333333333
0.7833333333333333
0.7833333333333333
0.7333333333333334
0.7333333333333334
0.7333333333333334
0.7333333333333334
0.7333333333333334
0.7333333333333334
0.8083333333333332
0.8083333333333332
0.8083333333333332
0.8083333333333332
0.8083333333333332
0.8083333333333332
0.7083333333333334
0.7083333333333334
0.7083333333333334
0.7083333333333334
0.7083333333333334
0.7083333333333334
0.75
0.75
0.75
0.75
0.75
0.75
1.0
1.0
1.0
1.0
1.0
1.0
0.4666666666666666
0.4666666666666666
0.4666666666666666
0.4666666666666666
0.4666666666666666
0.4666666666666666
0.3499999999999999
0.3499999999999999
0.3499999999999999
0.3499999999999999
0.3499999999999999
0.3499999999999999
0.4375
0.4375
0.4375
0.4375
0.4375
0.4375
0.3833333333333333
0.3833333333333333
0.3833333333333333
0.3833333333333333
0.3833333333333333
0.3833333333333333
0.40416666666666673
0.40416666666666673
0.40416666666666673
0.40416666666666673
0.40416666666666673
0.40416666666666673
0.3666666666666667
0.3666666666666667
0.3666666666666667
0.3666666666666667
0.3666666666666667
0.3666666666666667
0.4166666666666667
0.4166666666666667
0.4166666666666667
0.4166666666666667
0.4166666666666667
0.4166666666666667
0.4166666666666667
0.4166666666666667
0.4166666666666667
0.4166666666666667
0.4166666666666667
0.4166666666666667
0.4958333333333333
0.4958333333333333
0.4958333333333333
0.4958333333333333
0.4958333333333333
0.4958333333333333
0.4041666666666666
0.4041666666666666
0.4041666666666666
0.4041666666666666
0.4041666666666666
0.4041666666666666
0.4166666666666667
0.4166666666666667
0.4166666666666667
0.4166666666666667
0.4166666666666667
0.4166666666666667
0.3833333333333333
0.3833333333333333
0.3833333333333333
0.3833333333333333
0.3833333333333333
0.3833333333333333
0.3958333333333333
0.3958333333333333
0.3958333333333333
0.3958333333333333
0.3958333333333333
0.3958333333333333
0.4083333333333334
0.4083333333333334
0.4083333333333334
0.4083333333333334
0.4083333333333334
0.4083333333333334
0.3958333333333333
0.3958333333333333
0.3958333333333333
0.3958333333333333
0.3958333333333333
0.3958333333333333
0.44166666666666665
0.44166666666666665
0.44166666666666665
0.44166666666666665
0.44166666666666665
0.44166666666666665
0.3833333333333333
0.3833333333333333
0.3833333333333333
0.3833333333333333
0.3833333333333333
0.3833333333333333
0.4583333333333333
0.4583333333333333
0.4583333333333333
0.4583333333333333
0.4583333333333333
0.4583333333333333
0.42083333333333334
0.42083333333333334
0.42083333333333334
0.42083333333333334
0.42083333333333334
0.42083333333333334
0.3833333333333333
0.3833333333333333
0.3833333333333333
0.3833333333333333
0.3833333333333333
0.3833333333333333
0.43333333333333335
0.43333333333333335
0.43333333333333335
0.43333333333333335
0.43333333333333335
0.43333333333333335
0.3958333333333333
0.3958333333333333
0.3958333333333333
0.3958333333333333
0.3958333333333333
0.3958333333333333
0.39166666666666666
0.39166666666666666
0.39166666666666666
0.39166666666666666
0.39166666666666666
0.39166666666666666
0.4083333333333334
0.4083333333333334
0.4083333333333334
0.4083333333333334
0.4083333333333334
0.4083333333333334
0.4000000000000001
0.4000000000000001
0.4000000000000001
0.4000000000000001
0.4000000000000001
0.4000000000000001
0.38333333333333336
0.38333333333333336
0.38333333333333336
0.38333333333333336
0.38333333333333336
0.38333333333333336
0.3666666666666667
0.3666666666666667
0.3666666666666667
0.3666666666666667
0.3666666666666667
0.3666666666666667
0.42083333333333334
0.42083333333333334
0.42083333333333334
0.42083333333333334
0.42083333333333334
0.42083333333333334
0.3791666666666667
0.3791666666666667
0.3791666666666667
0.3791666666666667
0.3791666666666667
0.3791666666666667
0.4083333333333334
0.4083333333333334
0.4083333333333334
0.4083333333333334
0.4083333333333334
0.4083333333333334
0.4166666666666667
0.4166666666666667
0.4166666666666667
0.4166666666666667
0.4166666666666667
0.4166666666666667
0.3916666666666666
0.3916666666666666
0.3916666666666666
0.3916666666666666
0.3916666666666666
0.3916666666666666
0.4458333333333333
0.4458333333333333
0.4458333333333333
0.4458333333333333
0.4458333333333333
0.4458333333333333
0.3791666666666667
0.3791666666666667
0.3791666666666667
0.3791666666666667
0.3791666666666667
0.3791666666666667
0.4000000000000001
0.4000000000000001
0.4000000000000001
0.4000000000000001
0.4000000000000001
0.4000000000000001
0.35833333333333334
0.35833333333333334
0.35833333333333334
0.35833333333333334
0.35833333333333334
0.35833333333333334
0.37083333333333335
0.37083333333333335
0.37083333333333335
0.37083333333333335
0.37083333333333335
0.37083333333333335
0.42083333333333334
0.42083333333333334
0.42083333333333334
0.42083333333333334
0.42083333333333334
0.42083333333333334
0.42916666666666664
0.42916666666666664
0.42916666666666664
0.42916666666666664
0.42916666666666664
0.42916666666666664
0.09583333333333333
0.09583333333333333
0.09583333333333333
0.09583333333333333
0.09583333333333333
0.09583333333333333
0.6083333333333333
0.6083333333333333
0.6083333333333333
0.6083333333333333
0.6083333333333333
0.6083333333333333
0.5333333333333333
0.5333333333333333
0.5333333333333333
0.5333333333333333
0.5333333333333333
0.5333333333333333
0.6375000000000001
0.6375000000000001
0.6375000000000001
0.6375000000000001
0.6375000000000001
0.6375000000000001
0.5375
0.5375
0.5375
0.5375
0.5375
0.5375
0.6041666666666666
0.6041666666666666
0.6041666666666666
0.6041666666666666
0.6041666666666666
0.6041666666666666
0.5416666666666667
0.5416666666666667
0.5416666666666667
0.5416666666666667
0.5416666666666667
0.5416666666666667
0.5875
0.5875
0.5875
0.5875
0.5875
0.5875
0.5958333333333333
0.5958333333333333
0.5958333333333333
0.5958333333333333
0.5958333333333333
0.5958333333333333
0.5333333333333333
0.5333333333333333
0.5333333333333333
0.5333333333333333
0.5333333333333333
0.5333333333333333
0.6416666666666667
0.6416666666666667
0.6416666666666667
0.6416666666666667
0.6416666666666667
0.6416666666666667
0.5416666666666666
0.5416666666666666
0.5416666666666666
0.5416666666666666
0.5416666666666666
0.5416666666666666
0.6041666666666666
0.6041666666666666
0.6041666666666666
0.6041666666666666
0.6041666666666666
0.6041666666666666
0.5375
0.5375
0.5375
0.5375
0.5375
0.5375
0.5916666666666667
0.5916666666666667
0.5916666666666667
0.5916666666666667
0.5916666666666667
0.5916666666666667
0.5958333333333333
0.5958333333333333
0.5958333333333333
0.5958333333333333
0.5958333333333333
0.5958333333333333
0.6208333333333332
0.6208333333333332
0.6208333333333332
0.6208333333333332
0.6208333333333332
0.6208333333333332
0.5583333333333333
0.5583333333333333
0.5583333333333333
0.5583333333333333
0.5583333333333333
0.5583333333333333
0.5833333333333334
0.5833333333333334
0.5833333333333334
0.5833333333333334
0.5833333333333334
0.5833333333333334
0.5666666666666668
0.5666666666666668
0.5666666666666668
0.5666666666666668
0.5666666666666668
0.5666666666666668
0.5583333333333333
0.5583333333333333
0.5583333333333333
0.5583333333333333
0.5583333333333333
0.5583333333333333
0.5708333333333333
0.5708333333333333
0.5708333333333333
0.5708333333333333
0.5708333333333333
0.5708333333333333
0.5750000000000001
0.5750000000000001
0.5750000000000001
0.5750000000000001
0.5750000000000001
0.5750000000000001
0.5958333333333333
0.5958333333333333
0.5958333333333333
0.5958333333333333
0.5958333333333333
0.5958333333333333
0.5666666666666667
0.5666666666666667
0.5666666666666667
0.5666666666666667
0.5666666666666667
0.5666666666666667
0.6208333333333335
0.6208333333333335
0.6208333333333335
0.6208333333333335
0.6208333333333335
0.6208333333333335
0.6041666666666666
0.6041666666666666
0.6041666666666666
0.6041666666666666
0.6041666666666666
0.6041666666666666
0.5458333333333333
0.5458333333333333
0.5458333333333333
0.5458333333333333
0.5458333333333333
0.5458333333333333
0.5541666666666667
0.5541666666666667
0.5541666666666667
0.5541666666666667
0.5541666666666667
0.5541666666666667
0.5416666666666666
0.5416666666666666
0.5416666666666666
0.5416666666666666
0.5416666666666666
0.5416666666666666
0.5375
0.5375
0.5375
0.5375
0.5375
0.5375
0.5958333333333333
0.5958333333333333
0.5958333333333333
0.5958333333333333
0.5958333333333333
0.5958333333333333
0.6208333333333332
0.6208333333333332
0.6208333333333332
0.6208333333333332
0.6208333333333332
0.6208333333333332
0.5416666666666666
0.5416666666666666
0.5416666666666666
0.5416666666666666
0.5416666666666666
0.5416666666666666
0.5833333333333334
0.5833333333333334
0.5833333333333334
0.5833333333333334
0.5833333333333334
0.5833333333333334
0.6
0.6
0.6
0.6
0.6
0.6
0.5583333333333333
0.5583333333333333
0.5583333333333333
0.5583333333333333
0.5583333333333333
0.5583333333333333
0.525
0.525
0.525
0.525
0.525
0.525
0.5833333333333334
0.5833333333333334
0.5833333333333334
0.5833333333333334
0.5833333333333334
0.5833333333333334
0.5791666666666666
0.5791666666666666
0.5791666666666666
0.5791666666666666
0.5791666666666666
0.5791666666666666
0.6333333333333333
0.6333333333333333
0.6333333333333333
0.6333333333333333
0.6333333333333333
0.6333333333333333
0.5458333333333334
0.5458333333333334
0.5458333333333334
0.5458333333333334
0.5458333333333334
0.5458333333333334
0.5416666666666666
0.5416666666666666
0.5416666666666666
0.5416666666666666
0.5416666666666666
0.5416666666666666
0.5208333333333334
0.5208333333333334
0.5208333333333334
0.5208333333333334
0.5208333333333334
0.5208333333333334
0.5791666666666667
0.5791666666666667
0.5791666666666667
0.5791666666666667
0.5791666666666667
0.5791666666666667
0.5875
0.5875
0.5875
0.5875
0.5875
0.5875
0.5958333333333333
0.5958333333333333
0.5958333333333333
0.5958333333333333
0.5958333333333333
0.5958333333333333
0.5708333333333333
0.5708333333333333
0.5708333333333333
0.5708333333333333
0.5708333333333333
0.5708333333333333
0.5666666666666668
0.5666666666666668
0.5666666666666668
0.5666666666666668
0.5666666666666668
0.5666666666666668
0.5625
0.5625
0.5625
0.5625
0.5625
0.5625
0.525
0.525
0.525
0.525
0.525
0.525
0.6125
0.6125
0.6125
0.6125
0.6125
0.6125
0.5499999999999999
0.5499999999999999
0.5499999999999999
0.5499999999999999
0.5499999999999999
0.5499999999999999
0.5583333333333333
0.5583333333333333
0.5583333333333333
0.5583333333333333
0.5583333333333333
0.5583333333333333
0.5333333333333333
0.5333333333333333
0.5333333333333333
0.5333333333333333
0.5333333333333333
0.5333333333333333
0.5750000000000001
0.5750000000000001
0.5750000000000001
0.5750000000000001
0.5750000000000001
0.5750000000000001
0.625
0.625
0.625
0.625
0.625
0.625
0.5833333333333334
0.5833333333333334
0.5833333333333334
0.5833333333333334
0.5833333333333334
0.5833333333333334
0.525
0.525
0.525
0.525
0.525
0.525
0.5458333333333333
0.5458333333333333
0.5458333333333333
0.5458333333333333
0.5458333333333333
0.5458333333333333
0.5875
0.5875
0.5875
0.5875
0.5875
0.5875
0.5916666666666667
0.5916666666666667
0.5916666666666667
0.5916666666666667
0.5916666666666667
0.5916666666666667
0.5958333333333333
0.5958333333333333
0.5958333333333333
0.5958333333333333
0.5958333333333333
0.5958333333333333
0.5499999999999999
0.5499999999999999
0.5499999999999999
0.5499999999999999
0.5499999999999999
0.5499999999999999
0.5458333333333333
0.5458333333333333
0.5458333333333333
0.5458333333333333
0.5458333333333333
0.5458333333333333
0.5750000000000001
0.5750000000000001
0.5750000000000001
0.5750000000000001
0.5750000000000001
0.5750000000000001
0.5833333333333333
0.5833333333333333
0.5833333333333333
0.5833333333333333
0.5833333333333333
0.5833333333333333
0.5541666666666666
0.5541666666666666
0.5541666666666666
0.5541666666666666
0.5541666666666666
0.5541666666666666
0.5333333333333333
0.5333333333333333
0.5333333333333333
0.5333333333333333
0.5333333333333333
0.5333333333333333
0.5833333333333334
0.5833333333333334
0.5833333333333334
0.5833333333333334
0.5833333333333334
0.5833333333333334
0.5166666666666666
0.5166666666666666
0.5166666666666666
0.5166666666666666
0.5166666666666666
0.5166666666666666
0.6083333333333334
0.6083333333333334
0.6083333333333334
0.6083333333333334
0.6083333333333334
0.6083333333333334
0.5875
0.5875
0.5875
0.5875
0.5875
0.5875
0.5583333333333333
0.5583333333333333
0.5583333333333333
0.5583333333333333
0.5583333333333333
0.5583333333333333
0.5583333333333333
0.5583333333333333
0.5583333333333333
0.5583333333333333
0.5583333333333333
0.5583333333333333
0.5666666666666668
0.5666666666666668
0.5666666666666668
0.5666666666666668
0.5666666666666668
0.5666666666666668
0.5666666666666668
0.5666666666666668
0.5666666666666668
0.5666666666666668
0.5666666666666668
0.5666666666666668
0.5125000000000001
0.5125000000000001
0.5125000000000001
0.5125000000000001
0.5125000000000001
0.5125000000000001
0.5958333333333333
0.5958333333333333
0.5958333333333333
0.5958333333333333
0.5958333333333333
0.5958333333333333
0.5333333333333333
0.5333333333333333
0.5333333333333333
0.5333333333333333
0.5333333333333333
0.5333333333333333
0.6416666666666667
0.6416666666666667
0.6416666666666667
0.6416666666666667
0.6416666666666667
0.6416666666666667
0.5416666666666666
0.5416666666666666
0.5416666666666666
0.5416666666666666
0.5416666666666666
0.5416666666666666
0.6041666666666666
0.6041666666666666
0.6041666666666666
0.6041666666666666
0.6041666666666666
0.6041666666666666
0.5375
0.5375
0.5375
0.5375
0.5375
0.5375
0.5916666666666667
0.5916666666666667
0.5916666666666667
0.5916666666666667
0.5916666666666667
0.5916666666666667
0.5958333333333333
0.5958333333333333
0.5958333333333333
0.5958333333333333
0.5958333333333333
0.5958333333333333
0.6208333333333332
0.6208333333333332
0.6208333333333332
0.6208333333333332
0.6208333333333332
0.6208333333333332
0.5583333333333333
0.5583333333333333
0.5583333333333333
0.5583333333333333
0.5583333333333333
0.5583333333333333
0.5833333333333334
0.5833333333333334
0.5833333333333334
0.5833333333333334
0.5833333333333334
0.5833333333333334
0.5666666666666668
0.5666666666666668
0.5666666666666668
0.5666666666666668
0.5666666666666668
0.5666666666666668
0.5583333333333333
0.5583333333333333
0.5583333333333333
0.5583333333333333
0.5583333333333333
0.5583333333333333
0.5708333333333333
0.5708333333333333
0.5708333333333333
0.5708333333333333
0.5708333333333333
0.5708333333333333
0.5750000000000001
0.5750000000000001
0.5750000000000001
0.5750000000000001
0.5750000000000001
0.5750000000000001
0.5958333333333333
0.5958333333333333
0.5958333333333333
0.5958333333333333
0.5958333333333333
0.5958333333333333
0.5666666666666667
0.5666666666666667
0.5666666666666667
0.5666666666666667
0.5666666666666667
0.5666666666666667
0.6208333333333335
0.6208333333333335
0.6208333333333335
0.6208333333333335
0.6208333333333335
0.6208333333333335
0.6041666666666666
0.6041666666666666
0.6041666666666666
0.6041666666666666
0.6041666666666666
0.6041666666666666
0.5458333333333333
0.5458333333333333
0.5458333333333333
0.5458333333333333
0.5458333333333333
0.5458333333333333
0.5541666666666667
0.5541666666666667
0.5541666666666667
0.5541666666666667
0.5541666666666667
0.5541666666666667
0.5416666666666666
0.5416666666666666
0.5416666666666666
0.5416666666666666
0.5416666666666666
0.5416666666666666
0.5375
0.5375
0.5375
0.5375
0.5375
0.5375
0.5958333333333333
0.5958333333333333
0.5958333333333333
0.5958333333333333
0.5958333333333333
0.5958333333333333
0.6208333333333332
0.6208333333333332
0.6208333333333332
0.6208333333333332
0.6208333333333332
0.6208333333333332
0.5416666666666666
0.5416666666666666
0.5416666666666666
0.5416666666666666
0.5416666666666666
0.5416666666666666
0.5833333333333334
0.5833333333333334
0.5833333333333334
0.5833333333333334
0.5833333333333334
0.5833333333333334
0.6
0.6
0.6
0.6
0.6
0.6
0.5583333333333333
0.5583333333333333
0.5583333333333333
0.5583333333333333
0.5583333333333333
0.5583333333333333
0.525
0.525
0.525
0.525
0.525
0.525
0.5833333333333334
0.5833333333333334
0.5833333333333334
0.5833333333333334
0.5833333333333334
0.5833333333333334
0.5791666666666666
0.5791666666666666
0.5791666666666666
0.5791666666666666
0.5791666666666666
0.5791666666666666
0.6333333333333333
0.6333333333333333
0.6333333333333333
0.6333333333333333
0.6333333333333333
0.6333333333333333
0.5458333333333334
0.5458333333333334
0.5458333333333334
0.5458333333333334
0.5458333333333334
0.5458333333333334
0.5416666666666666
0.5416666666666666
0.5416666666666666
0.5416666666666666
0.5416666666666666
0.5416666666666666
0.5208333333333334
0.5208333333333334
0.5208333333333334
0.5208333333333334
0.5208333333333334
0.5208333333333334
0.5791666666666667
0.5791666666666667
0.5791666666666667
0.5791666666666667
0.5791666666666667
0.5791666666666667
0.5875
0.5875
0.5875
0.5875
0.5875
0.5875
0.5958333333333333
0.5958333333333333
0.5958333333333333
0.5958333333333333
0.5958333333333333
0.5958333333333333
0.5708333333333333
0.5708333333333333
0.5708333333333333
0.5708333333333333
0.5708333333333333
0.5708333333333333
0.5666666666666668
0.5666666666666668
0.5666666666666668
0.5666666666666668
0.5666666666666668
0.5666666666666668
0.5625
0.5625
0.5625
0.5625
0.5625
0.5625
